"year" "month" "open_monthly_raw_return" "closed_monthly_raw_return" "date" "annual_risk_free" "monthly_bill" "daily_bill" "mean_sensex_monthly" "closed_excess" "open_excess" "market_excess" "cmo_return" "hml" "smb"
"1" 2006 10 0.0335678902697087 0.0336329253501433 2006-10-01 6.519700050354 0.00543308317661285 0.000178621914237738 0.0458623025187356 0.0281998421735304 0.0281348070930958 0.0404292193421227 6.50350804345876e-05 -0.0114397682372618 0.0237696039937605
"2" 2006 11 -0.00222924453775369 -0.0538122583021632 2006-11-01 6.24669981002808 0.00520558297634125 0.000171142462641001 -0.0128880846376166 -0.0590178412785045 -0.00743482751409494 -0.0180936676139579 -0.0515830137644096 -0.0447125732862185 0.0198826687248971
"3" 2006 12 0.0102096507464686 -0.00149950690645549 2006-12-01 7.24959993362427 0.00604133307933807 0.000198619179427624 -0.00152873095517646 -0.00754083998579357 0.00416831766713054 -0.00757006403451453 -0.0117091576529241 0.00159535584836044 0.0350421798922061
"4" 2006 7 0.00219133536679494 -0.0306916782775684 2006-07-01 6.35750007629395 0.00529791653156281 0.000174178089946508 0.00514504878055871 -0.0359895948091312 -0.00310658116476787 -0.000152867751004091 -0.0328830136443633 -0.0192229054604015 -0.00296830889247682
"5" 2006 8 0.051441038387859 0.0278247211526297 2006-08-01 6.20270013809204 0.00516891658306122 0.000169936995953321 0.0855726475157639 0.0226558045695685 0.0462721218047978 0.0804037309327027 -0.0236163172352293 0.0366282551981244 0.0185054287334404
"6" 2006 9 0.0400221782395848 0.0103876033787592 2006-09-01 6.59000015258789 0.00549166679382324 0.000180547945201397 0.0483386543180237 0.00489593658493593 0.0345305114457615 0.0428469875242005 -0.0296345748608256 -0.0122256795513907 0.0365998249429945
"7" 2007 1 0.0123731208866061 0.00731607634179577 2007-01-01 7.29360008239746 0.00607800006866455 0.000199824664741755 0.00981878849155528 0.00123807627313122 0.00629512081794158 0.00374078842289073 -0.00505704454481036 -0.0373500858748227 0.134091070157031
"8" 2007 10 0.077220051972115 0.103349560351685 2007-10-01 7.30270004272461 0.00608558356761932 0.000200073979794979 0.138397986793334 0.0972639767840653 0.0711344684044957 0.132312403225715 0.0261295083795696 -0.0884416782623175 -0.187276782529689
"9" 2007 11 0.0185783517603235 0.018917302476033 2007-11-01 7.48710012435913 0.00623925030231476 0.000205126032233238 -0.00674093697766027 0.0126780521737182 0.0123391014580088 -0.012980187279975 0.000338950715709458 0.104213840323613 0.081593372647276
"10" 2007 12 0.0649700436992172 0.0750325781659961 2007-12-01 7.27759981155396 0.0060646665096283 0.000199386291205883 0.033626239129904 0.0689679116563679 0.0589053771895889 0.0275615726202757 0.0100625344667789 -0.115322633090869 0.311487245277398
"11" 2007 2 -0.0545477551836638 -0.0585277495585246 2007-02-01 7.10099983215332 0.00591749966144562 0.000194547940045595 -0.0984486160894748 -0.0644452492199702 -0.0604652548451095 -0.10436611575092 -0.00397999437486076 0.0120896119655883 -0.0373158832910221
"12" 2007 3 0.0064809458456314 0.00757735225947476 2007-03-01 7.55670022964478 0.0062972503900528 0.00020703287795186 0.00272264637966385 0.00128010186942197 0.000183695455578609 -0.00357460401038895 0.00109640641384336 0.0268144257365367 -0.0813761783867963
"13" 2007 4 0.059862634518902 0.0520707979666696 2007-04-01 7.3701000213623 0.00614175021648407 0.000201920550316572 0.102403056909825 0.0459290477501856 0.0537208843024179 0.096261306693341 -0.00779183655223234 -0.012032212735051 0.0204977418095251
"14" 2007 5 0.0285312087675077 0.0387265744596237 2007-05-01 6.44049978256226 0.00536708295345306 0.000176452044397593 0.0308278355629923 0.0333594915061707 0.0231641258140546 0.0254607526095392 0.010195365692116 0.0446842112351281 -0.00366114688735376
"15" 2007 6 0.0222680266253956 0.0228552737137327 2007-06-01 6.98769998550415 0.00582308351993561 0.000191443841904402 0.00894088536598668 0.0170321901937971 0.01644494310546 0.00311780184605107 0.000587247088337028 0.03954839636219 0.0492264859543448
"16" 2007 7 0.0280580110932578 0.0245031410676552 2007-07-01 5.00829982757568 0.00417358309030533 0.000137213692069054 0.0562446730251247 0.0203295579773498 0.0238844280029525 0.0520710899348194 -0.00355487002560266 -0.127074797150767 0.158961262092474
"17" 2007 8 0.0197401278308306 0.0198978015266642 2007-08-01 6.74849987030029 0.00562375009059906 0.000184890404343605 0.0233590497298236 0.0142740514360651 0.0141163777402316 0.0177352996392245 0.000157673695833555 -0.00158505323378209 0.167904496407655
"18" 2007 9 0.0728135891839838 0.0737823588493038 2007-09-01 6.71640014648438 0.00559700012207031 0.000184010956436396 0.117316789879379 0.0681853587272335 0.0672165890619135 0.111719789757308 0.000968769665319988 0.0751003836437978 -0.0188612056139535
"19" 2008 1 -0.0275878777664246 -0.122231168417643 2008-01-01 6.89909982681274 0.00574925005435944 0.000189016442745924 -0.108021212269465 -0.127980418472003 -0.0333371278207841 -0.113770462323824 -0.0946432906512186 -0.00533234098085167 -0.0754561943358234
"20" 2008 10 -0.194580057161877 -0.249127867518744 2008-10-01 7.02750015258789 0.00585624992847443 0.000192534253001213 -0.246656724986035 -0.254984117447218 -0.200436307090352 -0.25251297491451 -0.0545478103568666 -0.0331574282409632 0.0395038011542252
"21" 2008 11 -0.083811738272758 -0.0993180876597146 2008-11-01 7.05719995498657 0.00588100016117096 0.000193347949534655 -0.125502954585261 -0.105199087820886 -0.0896927384339289 -0.131383954746432 -0.0155063493869566 0.0264082086661723 -0.0410233464479026
"22" 2008 12 0.0874112070348149 0.0998789565782413 2008-12-01 4.85550022125244 0.00404625028371811 0.000133027406409383 0.0907934170070815 0.0958327062945232 0.0833649567510968 0.0867471667233634 0.0124677495434264 0.0267527937475112 -0.0366047205463369
"23" 2008 2 -0.0149207240413933 -0.0244722368942599 2008-02-01 7.16699981689453 0.00597249984741211 0.000196356158703566 -0.0348552494614836 -0.030444736741672 -0.0208932238888055 -0.0408277493088957 -0.00955151285286652 0.0134378822922167 -0.0537184387429501
"24" 2008 3 -0.0735315886858557 -0.0773736884254675 2008-03-01 7.00150012969971 0.00583458364009857 0.000191821921616793 -0.055377540738642 -0.0832082720655661 -0.0793661723259543 -0.0612121243787406 -0.00384209973961183 0.0109132421466014 -0.0511967804423901
"25" 2008 4 0.0740579547139196 0.0810225278606504 2008-04-01 6.99230003356934 0.00582691669464111 0.000191569868475199 0.102158516424809 0.0751956111660093 0.0682310380192785 0.0963315997301675 0.00696457314673084 0.00196308446165333 0.055271394300129
"26" 2008 5 -0.0434202719473285 -0.0558851755293939 2008-05-01 7.41699981689453 0.00618083298206329 0.000203205477446318 -0.0650468022777905 -0.0620660085114572 -0.0496011049293918 -0.0712276352598538 -0.0124649035820654 0.00193982506895544 0.0205064460157228
"27" 2008 6 -0.110509379442093 -0.135048134612448 2008-06-01 8.65180015563965 0.00720983326435089 0.000237035620957613 -0.154298981074614 -0.142257967876799 -0.117719212706444 -0.161508814338965 -0.024538755170355 -0.00703524664941135 0.0249150870493943
"28" 2008 7 0.0576400780688926 0.066177882179751 2008-07-01 9.15019989013672 0.00762516677379608 0.000250690411776304 0.0960829037273728 0.0585527154059549 0.0500149112950966 0.0884577369535768 0.00853780411085835 0.0608515456232717 -0.0349762821925979
"29" 2008 8 0.00296927133795157 -0.00904023984177394 2008-08-01 8.99129962921143 0.00749274969100952 0.000246336981654167 -0.00841204067525907 -0.0165329895327835 -0.00452347835305795 -0.0159047903662686 -0.0120095111797255 -0.0185486387373002 0.0268366128535757
"30" 2008 9 -0.0859105714539846 -0.114344122014639 2008-09-01 8.74180030822754 0.00728483378887176 0.000239501371979713 -0.111422279036414 -0.121628955803511 -0.0931954052428563 -0.118707112825286 -0.0284335505606544 -0.0449159628468678 -0.00103854666284484
"31" 2009 1 -0.0321502902689449 -0.0737640664817188 2009-01-01 4.71659994125366 0.00393049985170364 0.000129221919924021 -0.0424490160361861 -0.0776945663334225 -0.0360807901206486 -0.0463795158878897 -0.0416137762127739 -0.0112614376418935 -0.0528643353230804
"32" 2009 10 -0.0362435114244198 -0.0377804119772043 2009-10-01 3.18280005455017 0.00265233337879181 8.72000027447939e-05 -0.0706871625457712 -0.0404327453559961 -0.0388958448032116 -0.073339495924563 -0.00153690055278451 -0.00989308718256962 0.0174097775293719
"33" 2009 11 0.0714827363471324 0.0941643371535087 2009-11-01 3.24239993095398 0.00270199984312058 8.88328719884157e-05 0.0973356971376649 0.0914623373103881 0.0687807365040118 0.0946336972945443 0.0226816008063763 0.00661225919432301 0.00848779420466308
"34" 2009 12 0.0160185911045146 0.0290787284356116 2009-12-01 3.5689001083374 0.0029740834236145 9.77780856192112e-05 0.015498129921774 0.0261046450119971 0.0130445076809001 0.0125240464981595 0.0130601373310971 0.0349984834807057 0.0757517393342276
"35" 2009 2 -0.0238833531553252 -0.0280427816382396 2009-02-01 4.4835000038147 0.00373625010251999 0.000122835617512465 -0.0200563336329558 -0.0317790317407596 -0.0276196032578452 -0.0237925837354758 -0.00415942848291444 -0.0149511596993843 0.0106525849690873
"36" 2009 3 0.0776331561302148 0.0839036700281817 2009-03-01 4.54909992218018 0.00379091650247574 0.000124632874503732 0.129623082597712 0.0801127535257059 0.0738422396277391 0.125832166095236 0.00627051389796685 0.0306694032871704 -0.0725278195133456
"37" 2009 4 0.103528255673366 0.112302451098816 2009-04-01 3.11590003967285 0.00259658336639404 8.53671226650476e-05 0.148707874397934 0.109705867732422 0.100931672306972 0.14611129103154 0.00877419542544962 0.0282658103042199 0.0851660391327692
"38" 2009 5 0.201277704297158 0.248327720240644 2009-05-01 3.22499990463257 0.00268749982118607 8.8356165215373e-05 0.199620191163306 0.245640220419458 0.198590204475971 0.19693269134212 0.0470500159434865 0.115004518855736 0.0109415328336958
"39" 2009 6 -0.014552149999533 -0.0192354841516809 2009-06-01 3.25859999656677 0.00271549999713898 8.92767123878002e-05 -0.0236957936997549 -0.0219509841488199 -0.017267649996672 -0.0264112936968939 -0.00468333415214786 -0.0354620628707953 0.000113670804381516
"40" 2009 7 0.0555024940736233 0.0598258511909708 2009-07-01 3.1907000541687 0.00265891671180725 8.74164421111345e-05 0.068034189406919 0.0571669344791636 0.0528435773618161 0.0653752726951118 0.0043233571173475 -0.0206257576185875 -0.0320785342037956
"41" 2009 8 0.0105424708351925 0.0208801666640165 2009-08-01 3.30430006980896 0.00275358349084854 9.05287731438875e-05 -0.0145245074167548 0.018126583173168 0.00778888734434399 -0.0172780909076034 0.010337695828824 0.0268070231433797 0.11659718561334
"42" 2009 9 0.061666647813231 0.0731560124873958 2009-09-01 3.30100011825562 0.0027508333325386 9.04383603483438e-05 0.098813231979512 0.0704051791548572 0.0589158144806924 0.0960623986469734 0.0114893646741648 -0.0259306468917531 0.0454896715350249
"43" 2010 1 -0.0403986922417529 -0.0451585198869093 2010-01-01 3.50959992408752 0.00292466670274734 9.61534213274717e-05 -0.0687827236050442 -0.0480831865896567 -0.0433233589445002 -0.0717073903077916 -0.00475982764515643 0.0443826295757861 -0.00264385597544665
