"type_fund" "type_fund_name" "month_year" "date" "new_open_no" "new_open_amt" "new_closed_no" "new_closed_amt" "new_interval_no" "new_interval_amt" "new_assured_no" "new_assured_amt" "exi_open_no" "exi_open_amt" "exi_closed_no" "exi_closed_amt" "exi_interval_no" "exi_interval_amt" "exi_assured_no" "exi_assured_amt" "open_red" "closed_red" "interval_red" "assured_re" "year" "Inflation.Rate" "Index" "Index.Base.Year.2009" "net_flow_open_amt" "net_flow_closed_amt"
"2" 2 "EQUITY" 477 1999-10-01 0 0 0 0 NA NA 0 0 59 258.72061871223 39 0 NA NA 0 0 138.206885350791 45.0674626143884 NA 0 1999 0.0327 100 0.647887796 120.513733361439 -45.0674626143884
"11" 2 "EQUITY" 478 1999-11-01 1 47.7381270656114 0 0 NA NA 0 0 59 228.341810579568 39 0 NA NA 0 0 105.491245823309 23.3683139482014 NA 0 1999 0.0327 100 0.647887796 170.58869182187 -23.3683139482014
"20" 2 "EQUITY" 479 1999-12-01 0 0 0 0 NA NA 0 0 60 295.108421860143 39 8.6796594664748 NA NA 0 0 221.331316395108 105.157412766906 NA 0 1999 0.0327 100 0.647887796 73.7771054650358 -96.4777533004315
"29" 2 "EQUITY" 480 2000-01-01 1 60.4500644337486 0 0 NA NA 0 0 60 449.334703544976 39 7.11177228632336 NA NA 0 0 165.510336845344 14.2235445726467 NA 0 2000 0.0716 103.27 0.669073727 344.274431133381 -7.11177228632336
"38" 2 "EQUITY" 481 2000-02-01 5 254.084228047735 0 0 NA NA 0 0 61 419.594564893078 39 16.8096435858552 NA NA 0 0 396.642936150853 86.9575793191356 NA 0 2000 0.0716 103.27 0.669073727 277.03585678996 -70.1479357332804
"47" 2 "EQUITY" 482 2000-03-01 2 422.180663906287 0 0 NA NA 0 0 66 1521.9192692732 39 0 NA NA 0 0 1001.79010524164 103.44396052834 NA 0 2000 0.0716 103.27 0.669073727 942.309827937845 -103.44396052834
"56" 2 "EQUITY" 483 2000-04-01 2 83.724955552625 0 0 NA NA 0 0 67 393.733574760993 38 23.5981534955275 NA NA 0 0 492.328599639567 9.37460892288079 NA 0 2000 0.0716 103.27 0.669073727 -14.8700693259489 14.2235445726467
"65" 2 "EQUITY" 484 2000-05-01 2 15.1933317025999 0 0 NA NA 0 0 69 310.331881585019 38 3.55588614316168 NA NA 0 0 148.700693259488 7.11177228632336 NA 0 2000 0.0716 103.27 0.669073727 176.824520028131 -3.55588614316168
"74" 2 "EQUITY" 485 2000-06-01 0 0 0 0 NA NA 0 0 71 231.45586168216 38 8.08155941627655 NA NA 0 0 154.842678415859 0.646524753302124 NA 0 2000 0.0716 103.27 0.669073727 76.6131832663017 7.43503466297442
"83" 2 "EQUITY" 486 2000-07-01 0 0 0 0 NA NA 0 0 72 428.322649062657 37 0 NA NA 0 0 303.543371675347 6.7885099096723 NA 0 2000 0.0716 103.27 0.669073727 124.77927738731 -6.7885099096723
"92" 2 "EQUITY" 487 2000-08-01 1 6.46524753302124 0 0 NA NA 0 0 88 297.401386518977 19 0 NA NA 0 0 266.691460737126 2.90936138985956 NA 0 2000 0.0716 103.27 0.669073727 37.1751733148721 -2.90936138985956
"101" 2 "EQUITY" 488 2000-09-01 1 43.9636832245444 0 0 NA NA 0 0 89 505.582357082261 19 0 NA NA 0 0 392.76378763104 454.830163948044 NA 0 2000 0.0716 103.27 0.669073727 156.782252675765 -454.830163948044
"110" 2 "EQUITY" 489 2000-10-01 1 8.72808416957867 0 0 NA NA 0 0 90 909.983590272739 19 0 NA NA 0 0 781.648426742267 2.58609901320849 NA 0 2000 0.0716 103.27 0.669073727 137.06324770005 -2.58609901320849
"119" 2 "EQUITY" 490 2000-11-01 0 0 0 0 NA NA 0 0 91 353.00251530296 19 0 NA NA 0 0 279.621955803168 2.26283663655743 NA 0 2000 0.0716 103.27 0.669073727 73.380559499791 -2.26283663655743
"128" 2 "EQUITY" 491 2000-12-01 0 0 0 0 NA NA 0 0 91 576.376817568843 19 0 NA NA 0 0 522.715263044767 2.90936138985956 NA 0 2000 0.0716 103.27 0.669073727 53.6615545240763 -2.90936138985956
"137" 2 "EQUITY" 492 2001-01-01 0 0 0 0 NA NA 0 0 91 619.918051401565 19 0 NA NA 0 0 550.233832484893 0 NA 0 2001 0.036 110.66 0.716979406 69.6842189166722 0
"146" 2 "EQUITY" 493 2001-02-01 0 0 0 0 NA NA 0 0 91 779.196266068245 19 0 NA NA 0 0 667.580850487428 125.190263421727 NA 0 2001 0.036 110.66 0.716979406 111.615415580817 -125.190263421727
"155" 2 "EQUITY" 494 2001-03-01 0 0 1 15.083164267678 NA NA 0 0 91 196.986125335874 18 0 NA NA 0 0 300.758295497499 -5.12827585101051 NA 0 2001 0.036 110.66 0.716979406 -103.772170161625 20.2114401186885
"164" 2 "EQUITY" 495 2001-04-01 1 0.603326570707119 0 0 NA NA 0 0 91 145.401703540416 17 0 NA NA 0 0 134.843488553041 0.904989856060679 NA 0 2001 0.036 110.66 0.716979406 11.1615415580817 -0.904989856060679
"173" 2 "EQUITY" 496 2001-05-01 0 0 0 0 NA NA 0 0 92 26.2447058257597 17 0 NA NA 0 0 57.0143609318228 0.30166328535356 NA 0 2001 0.036 110.66 0.716979406 -30.7696551060631 -0.30166328535356
"182" 2 "EQUITY" 497 2001-06-01 0 0 0 0 NA NA 0 0 92 33.7862879595987 16 0 NA NA 0 0 18.0997971212136 6.03326570707119 NA 0 2001 0.036 110.66 0.716979406 15.6864908383851 -6.03326570707119
"191" 2 "EQUITY" 498 2001-07-01 0 0 0 0 NA NA 0 0 92 17.79813383586 15 0 NA NA 0 0 34.9929411010129 5.73160242171763 NA 0 2001 0.036 110.66 0.716979406 -17.1948072651529 -5.73160242171763
"200" 2 "EQUITY" 499 2001-08-01 4 0.904989856060679 0 0 NA NA 0 0 92 18.4014604065671 15 0 NA NA 0 0 25.6413792550526 0.603326570707119 NA 0 2001 0.036 110.66 0.716979406 -6.33492899242475 -0.603326570707119
"209" 2 "EQUITY" 500 2001-09-01 0 0 0 0 NA NA 0 0 96 53.9977280782872 15 0 NA NA 0 0 33.4846246742451 3.0166328535356 NA 0 2001 0.036 110.66 0.716979406 20.5131034040421 -3.0166328535356
"218" 2 "EQUITY" 501 2001-10-01 1 0.30166328535356 0 0 NA NA 0 0 97 28.3563488232346 14 0 NA NA 0 0 55.506044505055 0 NA 0 2001 0.036 110.66 0.716979406 -26.8480323964668 0
"227" 2 "EQUITY" 502 2001-11-01 0 0 0 0 NA NA 0 0 98 38.3112372399021 15 0 NA NA 0 0 38.9145638106092 0 NA 0 2001 0.036 110.66 0.716979406 -0.603326570707118 0
"236" 2 "EQUITY" 503 2001-12-01 1 6.33492899242475 0 0 NA NA 0 0 98 53.0927382222265 15 0 NA NA 0 0 45.5511560883875 2.11164299747492 NA 0 2001 0.036 110.66 0.716979406 13.8765111262638 -2.11164299747492
"245" 2 "EQUITY" 504 2002-01-01 1 8.44424253931531 0 0 NA NA 0 0 99 46.5889243548431 14 0 NA NA 0 0 46.2977435776253 45.424201245972 NA 0 2002 0.0341 114.65 0.742790665 8.73542331653309 -45.424201245972
"254" 2 "EQUITY" 505 2002-02-01 3 3.49416932661323 0 0 NA NA 0 0 92 84.1512446159353 13 0 NA NA 0 0 99.8750065856949 1.45590388608885 NA 0 2002 0.0341 114.65 0.742790665 -12.2295926431463 -1.45590388608885
"263" 2 "EQUITY" 506 2002-03-01 6 18.0532081875017 0 0 NA NA 0 0 95 106.572164461704 13 0 NA NA 0 0 106.863345238921 1.45590388608885 NA 0 2002 0.0341 114.65 0.742790665 17.7620274102839 -1.45590388608885
"272" 2 "EQUITY" 507 2002-04-01 0 0 0 0 NA NA 0 0 101 86.4806908336775 11 0 NA NA 0 0 59.1096977752072 1.16472310887108 NA 0 2002 0.0341 114.65 0.742790665 27.3709930584703 -1.16472310887108
"281" 2 "EQUITY" 508 2002-05-01 0 0 0 0 NA NA 0 0 101 105.989802907268 11 0 NA NA 0 0 80.0747137348866 1.45590388608885 NA 0 2002 0.0341 114.65 0.742790665 25.9150891723815 -1.45590388608885
"290" 2 "EQUITY" 509 2002-06-01 2 NA 0 0 NA NA 0 0 97 93.469029486904 11 0 NA NA 0 0 55.9067092258117 0.582361554435539 NA 0 2002 0.0341 114.65 0.742790665 NA -0.582361554435539
"299" 2 "EQUITY" 510 2002-07-01 1 7.27951943044423 0 0 NA NA 0 0 99 102.204452803437 11 0 NA NA 0 0 72.5040135272245 1.16472310887108 NA 0 2002 0.0341 114.65 0.742790665 36.9799587066567 -1.16472310887108
"308" 2 "EQUITY" 511 2002-08-01 1 0.582361554435539 0 0 NA NA 0 0 100 46.2977435776253 8 0 NA NA 0 0 35.5240548205679 0.873542331653308 NA 0 2002 0.0341 114.65 0.742790665 11.356050311493 -0.873542331653308
"317" 2 "EQUITY" 512 2002-09-01 2 0.873542331653308 0 0 NA NA 0 0 101 62.8950478790382 8 0 NA NA 0 0 48.0448282409319 0.873542331653308 NA 0 2002 0.0341 114.65 0.742790665 15.7237619697595 -0.873542331653308
"326" 2 "EQUITY" 513 2002-10-01 2 6.40597709879092 0 0 NA NA 0 0 103 47.7536474637142 8 0 NA NA 0 0 36.9799587066567 1.16472310887108 NA 0 2002 0.0341 114.65 0.742790665 17.1796658558484 -1.16472310887108
"335" 2 "EQUITY" 514 2002-11-01 2 32.3210662711724 0 0 NA NA 0 0 105 50.3742744586741 8 0 NA NA 0 0 65.5156748739981 0.582361554435539 NA 0 2002 0.0341 114.65 0.742790665 17.1796658558484 -0.582361554435539
"344" 2 "EQUITY" 515 2002-12-01 1 10.1913272026219 0 0 NA NA 0 0 106 82.9865215070643 8 0 NA NA 0 0 101.039729694566 0.873542331653308 NA 0 2002 0.0341 114.65 0.742790665 -7.86188098487979 -0.873542331653308
"353" 2 "EQUITY" 516 2003-01-01 2 8.72894700870397 0 0 NA NA 0 0 107 158.24736189973 8 0 NA NA 0 0 161.90788806467 3.09736829341109 NA 0 2003 0.0546 118.56 0.768119826 5.06842084376359 -3.09736829341109
"362" 2 "EQUITY" 517 2003-02-01 3 13.7973678524676 0 0 NA NA 0 0 110 242.721042629123 5 0 NA NA 0 0 242.157884757594 1.97105255035251 NA 0 2003 0.0546 118.56 0.768119826 14.3605257239968 -1.97105255035251
"371" 2 "EQUITY" 518 2003-03-01 1 6.47631552258682 0 0 NA NA 0 0 114 159.373677642789 5 0 NA NA 0 0 149.236835955261 0.844736807293933 NA 0 2003 0.0546 118.56 0.768119826 16.613157210114 -0.844736807293933
"380" 2 "EQUITY" 519 2003-04-01 0 0 0 0 NA NA 0 0 115 103.05789048986 4 0 NA NA 0 0 45.0526297223431 0.281578935764644 NA 0 2003 0.0546 118.56 0.768119826 58.0052607675167 -0.281578935764644
"389" 2 "EQUITY" 520 2003-05-01 0 0 0 0 NA NA 0 0 114 156.276309349378 4 0 NA NA 0 0 137.410520653146 0.563157871529289 NA 0 2003 0.0546 118.56 0.768119826 18.8657886962311 -0.563157871529289
"398" 2 "EQUITY" 521 2003-06-01 0 0 0 0 NA NA 0 0 114 259.052620903473 4 0 NA NA 0 0 281.578935764644 1.97105255035251 NA 0 2003 0.0546 118.56 0.768119826 -22.5263148611716 -1.97105255035251
"407" 2 "EQUITY" 522 2003-07-01 1 109.815784948211 0 0 NA NA 0 0 114 439.826297664374 4 0 NA NA 0 0 330.010512716163 0.281578935764644 NA 0 2003 0.0546 118.56 0.768119826 219.631569896422 -0.281578935764644
"416" 2 "EQUITY" 523 2003-08-01 1 0.281578935764644 0 0 NA NA 0 0 115 529.086820301767 4 0 NA NA 0 0 375.626300310035 13.2342099809383 NA 0 2003 0.0546 118.56 0.768119826 153.742098927496 -13.2342099809383
"425" 2 "EQUITY" 524 2003-09-01 2 7.32105232988075 0 0 NA NA 0 0 117 657.768393946209 3 0 NA NA 0 0 516.415768192358 1.68947361458787 NA 0 2003 0.0546 118.56 0.768119826 148.673678083732 -1.68947361458787
"434" 2 "EQUITY" 525 2003-10-01 0 0 0 0 NA NA 0 0 118 623.697342718687 3 0 NA NA 0 0 610.181553801984 2.25263148611715 NA 0 2003 0.0546 118.56 0.768119826 13.5157889167029 -2.25263148611715
"443" 2 "EQUITY" 526 2003-11-01 0 0 0 0 NA NA 0 0 118 535.844714760118 3 0 NA NA 0 0 541.757872411176 1.40789467882322 NA 0 2003 0.0546 118.56 0.768119826 -5.91315765105753 -1.40789467882322
"452" 2 "EQUITY" 527 2003-12-01 0 0 0 0 NA NA 0 0 118 1286.53415750866 3 0 NA NA 0 0 674.381551156323 2.5342104218818 NA 0 2003 0.0546 118.56 0.768119826 612.152606352337 -2.5342104218818
"461" 2 "EQUITY" 528 2004-01-01 1 96.3872517999659 0 0 NA NA 0 0 120 1039.7007160916 3 0 NA NA 0 0 681.652780734939 0.801002092520492 NA 0 2004 0.065 125.03 0.810059169 454.435187156626 -0.801002092520492
"470" 2 "EQUITY" 529 2004-02-01 2 6.9420181351776 0 0 NA NA 0 0 121 557.230455696756 3 0 NA NA 0 0 451.231178786544 0.267000697506831 NA 0 2004 0.065 125.03 0.810059169 112.94129504539 -0.267000697506831
"479" 2 "EQUITY" 530 2004-03-01 3 96.3872517999659 0 0 NA NA 0 0 121 852.266226441804 2 0 NA NA 0 0 574.318500337193 0 NA 0 2004 0.065 125.03 0.810059169 374.334977904577 0
"488" 2 "EQUITY" 531 2004-04-01 6 89.979235059802 0 0 NA NA NA NA 122 509.437330843033 2 0 NA NA NA NA 586.066531027494 0.267000697506831 NA NA 2004 0.065 125.03 0.810059169 13.3500348753415 -0.267000697506831
"497" 2 "EQUITY" 532 2004-05-01 1 1.33500348753415 0 0 NA NA NA NA 127 741.727937673976 2 0 NA NA NA NA 469.387226217009 0 NA NA 2004 0.065 125.03 0.810059169 273.675714944502 0
"506" 2 "EQUITY" 533 2004-06-01 2 74.7601953019126 0 0 NA NA NA NA 128 168.744440824317 2 0 NA NA NA NA 241.902631941189 0 NA NA 2004 0.065 125.03 0.810059169 1.60200418504095 0
"515" 2 "EQUITY" 534 2004-07-01 3 32.8410857933402 0 0 NA NA NA NA 127 448.828172508983 2 0 NA NA NA NA 755.344973246824 0.267000697506831 NA NA 2004 0.065 125.03 0.810059169 -273.675714944502 -0.267000697506831
"524" 2 "EQUITY" 535 2004-08-01 2 43.7881143911203 0 0 NA NA NA NA 130 436.813141121175 2 0 NA NA NA NA 424.531109035861 0 NA NA 2004 0.065 125.03 0.810059169 56.0701464764344 0
"533" 2 "EQUITY" 536 2004-09-01 3 225.882590090779 0 0 NA NA NA NA 133 565.240476621961 2 0 NA NA NA NA 749.737958599181 0.267000697506831 NA NA 2004 0.065 125.03 0.810059169 41.3851081135588 -0.267000697506831
"542" 2 "EQUITY" 537 2004-10-01 3 169.812443614344 0 0 NA NA NA NA 136 574.051499639686 2 0 NA NA NA NA 589.804540792589 0.267000697506831 NA NA 2004 0.065 125.03 0.810059169 154.059402461441 -0.267000697506831
"551" 2 "EQUITY" 538 2004-11-01 2 132.165345265881 0 0 NA NA NA NA 139 616.504610543272 2 0 NA NA NA NA 783.647047182548 0.534001395013662 NA NA 2004 0.065 125.03 0.810059169 -34.9770913733947 -0.534001395013662
"560" 2 "EQUITY" 539 2004-12-01 1 200.250523130123 0 0 NA NA NA NA 139 1034.09370144396 2 0 NA NA NA NA 957.731501957002 0.267000697506831 NA NA 2004 0.065 125.03 0.810059169 276.612722617077 -0.267000697506831
"569" 2 "EQUITY" 540 2005-01-01 2 48.3860418947628 0 0 NA NA NA NA 137 692.697584223988 2 0 NA NA NA NA 466.812487088333 0.50140976056749 NA NA 2005 0.044 133.16 0.862713015 274.271139030417 -0.50140976056749
"578" 2 "EQUITY" 541 2005-02-01 3 240.175275311828 0 0 NA NA NA NA 139 557.066243990482 2 0 NA NA NA NA 853.900822246435 0.250704880283745 NA NA 2005 0.044 133.16 0.862713015 -56.6593029441262 -0.250704880283745
"587" 2 "EQUITY" 542 2005-03-01 8 1758.94544007076 0 0 NA NA NA NA 141 454.277243074146 2 0 NA NA NA NA 1286.86815049646 0.50140976056749 NA NA 2005 0.044 133.16 0.862713015 926.354532648438 -0.50140976056749
"596" 2 "EQUITY" 543 2005-04-01 2 185.270906529688 0 0 NA NA NA NA 149 857.912100330975 2 0 NA NA NA NA 317.392378439221 0.250704880283745 NA NA 2005 0.044 133.16 0.862713015 725.790628421442 -0.250704880283745
"605" 2 "EQUITY" 544 2005-05-01 7 1036.91538485357 0 0 NA NA NA NA 150 469.319535891171 2 0 NA NA NA NA 744.844199323006 0.250704880283745 NA NA 2005 0.044 133.16 0.862713015 761.390721421734 -0.250704880283745
"614" 2 "EQUITY" 545 2005-06-01 2 214.85408240317 0 0 NA NA NA NA 157 916.326337437088 2 0 NA NA NA NA 1118.89588070635 0.50140976056749 NA NA 2005 0.044 133.16 0.862713015 12.2845391339033 -0.50140976056749
"623" 2 "EQUITY" 546 2005-07-01 2 210.090689677778 0 0 NA NA NA NA 157 876.213556591689 1 0 NA NA NA NA 902.286864141198 0.50140976056749 NA NA 2005 0.044 133.16 0.862713015 184.017382128269 -0.50140976056749
"632" 2 "EQUITY" 547 2005-08-01 4 980.757491670011 0 0 NA NA NA NA 159 888.247390845308 1 0 NA NA NA NA 1004.32375041668 0 NA NA 2005 0.044 133.16 0.862713015 864.681132098636 0
"641" 2 "EQUITY" 548 2005-09-01 5 894.013603091835 0 0 NA NA NA NA 163 1135.69310768537 1 0 NA NA NA NA 1228.45391339035 0 NA NA 2005 0.044 133.16 0.862713015 801.252797386849 0
"650" 2 "EQUITY" 549 2005-10-01 2 250.704880283745 0 0 NA NA NA NA 169 1064.49292168478 1 0 NA NA NA NA 606.455105406379 0 NA NA 2005 0.044 133.16 0.862713015 708.742696562147 0
"659" 2 "EQUITY" 550 2005-11-01 3 396.865825489168 0 0 NA NA NA NA 172 794.734470499472 1 0 NA NA NA NA 1027.38859940279 0 NA NA 2005 0.044 133.16 0.862713015 164.211696585853 0
"668" 2 "EQUITY" 551 2005-12-01 3 107.050983881159 0 0 NA NA NA NA 174 1356.31340233506 1 0 NA NA NA NA 1323.72176789817 0 NA NA 2005 0.044 133.16 0.862713015 139.642618318046 0
"677" 2 "EQUITY" 552 2006-01-01 0 0 1 316.262765877052 NA NA NA NA 177 992.733693345279 1 0 NA NA NA NA 1490.0610951155 0 NA NA 2006 0.054 139.02 0.900672387 -497.327401770216 316.262765877052
"686" 2 "EQUITY" 553 2006-02-01 5 1950.16698685462 0 0 NA NA NA NA 176 500.689344611734 3 346.760390225105 NA NA NA NA 1280.41994506943 0 NA NA 2006 0.054 139.02 0.900672387 1170.43638639693 346.760390225105
"695" 2 "EQUITY" 554 2006-03-01 10 2416.516486728 0 0 NA NA NA NA 180 1280.41994506943 4 141.201599343741 NA NA NA NA 1406.49280162634 0 NA NA 2006 0.054 139.02 0.900672387 2290.44363017109 141.201599343741
"704" 2 "EQUITY" 555 2006-04-01 1 7.92457955500586 0 0 NA NA NA NA 191 1313.79923471021 4 0 NA NA NA NA 1234.55343916015 0 NA NA 2006 0.054 139.02 0.900672387 87.1703751050647 0
"713" 2 "EQUITY" 556 2006-05-01 4 1412.97654853498 0 0 NA NA NA NA 192 2318.2997280008 4 0 NA NA NA NA 1194.93054138513 0 NA NA 2006 0.054 139.02 0.900672387 2536.34573515066 0
"722" 2 "EQUITY" 557 2006-06-01 1 90.0520403977938 1 344.359002481164 NA NA NA NA 196 617.877066516063 4 0.240138774394117 NA NA NA NA 1360.62629571707 1.20069387197058 NA NA 2006 0.054 139.02 0.900672387 -652.69718880321 343.398447383587
"731" 2 "EQUITY" 558 2006-07-01 1 156.33034213057 1 94.614677111282 NA NA NA NA 197 334.033035182217 5 0 NA NA NA NA 632.28539297971 2.8816652927294 NA NA 2006 0.054 139.02 0.900672387 -141.922015666923 91.7330118185526
"740" 2 "EQUITY" 559 2006-08-01 0 0 0 0 NA NA NA NA 197 933.419416069932 6 0 NA NA NA NA 1088.78920310293 0.720416323182351 NA NA 2006 0.054 139.02 0.900672387 -155.369787032994 -0.720416323182351
"749" 2 "EQUITY" 560 2006-09-01 0 0 2 79.2457955500586 NA NA NA NA 199 1380.79795276617 6 1.20069387197058 NA NA NA NA 1294.82827153308 2.16124896954705 NA NA 2006 0.054 139.02 0.900672387 85.969681233094 78.2852404524821
"758" 2 "EQUITY" 561 2006-10-01 0 0 3 352.043443261775 NA NA NA NA 199 1304.67396128324 8 0 NA NA NA NA 1324.84561833234 3.60208161591175 NA NA 2006 0.054 139.02 0.900672387 -20.1716570491058 348.441361645864
"767" 2 "EQUITY" 562 2006-11-01 2 401.271892012569 0 0 NA NA NA NA 199 1727.07806544249 11 0.240138774394117 NA NA NA NA 1634.38449852636 1.20069387197058 NA NA 2006 0.054 139.02 0.900672387 493.965458928699 -0.960555097576468
"776" 2 "EQUITY" 563 2006-12-01 5 638.048723565169 2 563.125425954204 NA NA NA NA 201 1477.09360129821 11 0.240138774394117 NA NA NA NA 1432.9080668097 22.573044793047 NA NA 2006 0.054 139.02 0.900672387 682.234258053686 540.792519935551
"785" 2 "EQUITY" 564 2007-01-01 0 0 1 419.901101670592 NA NA NA NA 207 1226.89497151174 13 0 NA NA NA NA 1464.29971808839 77.6919564132783 NA NA 2007 0.046 146.52 0.949308696 -237.404746576645 342.209145257314
"794" 2 "EQUITY" 565 2007-02-01 0 0 3 244.011980406513 NA NA NA NA 208 1550.87726482459 14 0 NA NA NA NA 1387.97477557094 5.24021993403343 NA NA 2007 0.046 146.52 0.949308696 162.902489253648 238.77176047248
"803" 2 "EQUITY" 566 2007-03-01 1 9.79693292014946 4 485.289933021357 NA NA NA NA 205 1470.22344497034 17 0 NA NA NA NA 1424.88415075848 4.10104168750443 NA NA 2007 0.046 146.52 0.949308696 55.136227132004 481.188891333853
"812" 2 "EQUITY" 567 2007-04-01 5 168.826216135599 2 26.2010996701672 NA NA NA NA 196 1039.84190343168 21 0.455671298611603 NA NA NA NA 1190.89693892142 12.3031250625133 NA NA 2007 0.046 146.52 0.949308696 17.7711806458526 14.3536459062655
"821" 2 "EQUITY" 568 2007-05-01 1 348.588543437876 1 90.2229171250974 NA NA NA NA 198 976.503592924665 23 3.18969909028122 NA NA NA NA 1457.69248425852 25.9732640208614 NA NA 2007 0.046 146.52 0.949308696 -132.600347895976 67.4393521945173
"830" 2 "EQUITY" 569 2007-06-01 2 434.482583226163 2 375.017478757349 NA NA NA NA 200 904.05185644542 24 0.455671298611603 NA NA NA NA 1167.88553834154 71.7682295313275 NA NA 2007 0.046 146.52 0.949308696 170.648901330045 303.704920524633
"839" 2 "EQUITY" 570 2007-07-01 1 342.892652205231 1 577.791206639513 NA NA NA NA 203 1125.50810757066 26 0.911342597223206 NA NA NA NA 1591.65984605033 193.20463061132 NA NA 2007 0.046 146.52 0.949308696 -123.259086274438 385.497918625416
"848" 2 "EQUITY" 571 2007-08-01 2 660.495547337519 1 237.860417875257 NA NA NA NA 203 1598.72275117881 27 0 NA NA NA NA 918.633338000992 15.9484954514061 NA NA 2007 0.046 146.52 0.949308696 1340.58496051534 221.911922423851
"857" 2 "EQUITY" 572 2007-09-01 2 320.792594222568 4 199.12835749327 NA NA NA NA 205 1074.70075777547 28 0.227835649305801 NA NA NA NA 1747.04375887689 65.8445026493766 NA NA 2007 0.046 146.52 0.949308696 -351.550406878852 133.5116904932
"866" 2 "EQUITY" 573 2007-10-01 8 853.928013598144 0 0 NA NA NA NA 207 1924.2998940368 31 0.455671298611603 NA NA NA NA 2678.89156453761 171.788079576574 NA NA 2007 0.046 146.52 0.949308696 99.3363430973295 -171.332408277963
"875" 2 "EQUITY" 574 2007-11-01 0 0 3 556.146819955461 NA NA NA NA 214 1822.45735879711 31 0 NA NA NA NA 1215.04751774784 52.6300349896401 NA NA 2007 0.046 146.52 0.949308696 607.409841049267 503.516784965821
"884" 2 "EQUITY" 575 2007-12-01 2 170.193230031434 2 150.371528541829 NA NA NA NA 214 1961.20926922434 35 1.13917824652901 NA NA NA NA 1418.27691692861 164.041667500177 NA NA 2007 0.046 146.52 0.949308696 713.125582327159 -12.5309607118191
"893" 2 "EQUITY" 576 2008-01-01 2 298.625884515571 12 2674.59601310847 NA NA NA NA 217 2438.45133271467 37 13.9402309328932 NA NA NA NA 1470.69436342023 170.767828927941 NA NA 2008 0.084 153.26 0.992976896 1266.38285381001 2517.76841511343
"902" 2 "EQUITY" 577 2008-02-01 2 1318.00527148338 0 0 NA NA NA NA 219 914.609838862787 41 0.653448324979367 NA NA NA NA 784.573622191893 23.9597719159101 NA NA 2008 0.084 153.26 0.992976896 1448.04148815428 -23.3063235909308
"911" 2 "EQUITY" 578 2008-03-01 0 0 0 0 NA NA NA NA 221 1458.27884524562 42 17.20747255779 NA NA NA NA 1203.65181461199 29.1873585157451 NA NA 2008 0.084 153.26 0.992976896 254.627030633627 -11.9798859579551
"920" 2 "EQUITY" 579 2008-04-01 5 140.70920597889 0 0 0 0 NA NA 217 746.020171018111 49 6.31666714146721 1 9.14827654971114 NA NA 841.859258681751 39.206899498762 0 NA 2008 0.084 153.26 0.992976896 44.8701183152499 -32.8902323572948
"929" 2 "EQUITY" 580 2008-05-01 1 128.511503912609 0 0 0 0 NA NA 222 860.155811781173 49 0.653448324979367 1 3.26724162489684 NA NA 731.208675651912 48.1373599401467 0.871264433305823 NA 2008 0.084 153.26 0.992976896 257.458640041871 -47.4839116151673
"938" 2 "EQUITY" 581 2008-06-01 4 90.3936849554791 0 0 0 0 NA NA 223 727.287985702035 49 0.435632216652911 1 1.74252886661165 NA NA 538.659235891325 31.3655195990096 3.04942551657038 NA 2008 0.084 153.26 0.992976896 279.02243476619 -30.9298873823567
"947" 2 "EQUITY" 582 2008-07-01 1 3.26724162489684 0 0 0 0 NA NA 226 549.114409090995 49 0.217816108326456 1 0.217816108326456 NA NA 475.928196693306 64.9092002812838 0 NA 2008 0.084 153.26 0.992976896 76.453454022586 -64.6913841729573
"956" 2 "EQUITY" 583 2008-08-01 3 35.9396578738652 0 0 0 0 NA NA 227 438.463826061155 49 0.871264433305823 1 0.217816108326456 NA NA 495.096014226034 23.3063235909308 7.62356379142595 NA 2008 0.084 153.26 0.992976896 -20.6925302910133 -22.4350591576249
"965" 2 "EQUITY" 584 2008-09-01 3 24.1775880242366 0 0 0 0 NA NA 229 594.202343514571 49 0.653448324979367 2 9.36609265803759 NA NA 475.05693226 19.1678175327281 2.61379329991747 NA 2008 0.084 153.26 0.992976896 143.322999278808 -18.5143692077487
"974" 2 "EQUITY" 585 2008-10-01 3 8.49482822473177 0 0 0 0 NA NA 232 418.860376311774 49 0.435632216652911 2 0.217816108326456 NA NA 535.391994266428 42.2563250153324 4.13850605820266 NA 2008 0.084 153.26 0.992976896 -108.036789729922 -41.8206927986795
"983" 2 "EQUITY" 586 2008-11-01 4 4.35632216652911 0 0 0 0 NA NA 235 296.22990732398 49 0.435632216652911 2 0.871264433305823 NA NA 317.793702048299 10.2373570913434 3.04942551657038 NA 2008 0.084 153.26 0.992976896 -17.20747255779 -9.80172487469051
"992" 2 "EQUITY" 587 2008-12-01 1 52.0580498900229 0 0 0 0 NA NA 239 280.764963632801 48 0.871264433305823 2 0.653448324979367 NA NA 354.168992138817 96.2747198802934 1.08908054163228 NA 2008 0.084 153.26 0.992976896 -21.3459786159926 -95.4034554469876
"1001" 2 "EQUITY" 588 2009-01-01 1 0.648859089434411 0 0 0 0 NA NA 241 303.233481129015 47 0.432572726289607 2 1.08143181572402 NA NA 412.025521790851 -35.0383908294582 1.51400454201363 NA 2009 NA 154.35 1 -108.143181572402 35.4709635557478
"1010" 2 "EQUITY" 589 2009-02-01 0 0 0 0 0 0 NA NA 243 335.676435600735 47 1.08143181572402 2 1.73029090515843 NA NA 295.230885692657 11.030604520385 1.29771817886882 NA 2009 NA 154.35 1 40.4455499080783 -9.94917270466097
"1019" 2 "EQUITY" 590 2009-03-01 1 6.48859089434411 0 0 0 0 NA NA 243 322.050394722613 47 0 2 2.16286363144804 NA NA 316.426949280848 14.274899967557 4.97458635233049 NA 2009 NA 154.35 1 12.112036336109 -14.274899967557
"1028" 2 "EQUITY" 591 2009-04-01 1 0.865145452579215 0 0 0 0 NA NA 244 390.82945820266 47 0.648859089434411 2 4.75829998918568 NA NA 413.539526332865 25.305504487942 0.648859089434411 NA 2009 NA 154.35 1 -21.8449226776252 -24.6566453985076
"1037" 2 "EQUITY" 592 2009-05-01 2 175.840813236725 0 0 0 0 NA NA 245 1011.78760679139 47 0.216286363144804 2 25.305504487942 NA NA 782.307775494755 18.6006272304531 0.648859089434411 NA 2009 NA 154.35 1 405.320644533362 -18.3843408673083
"1046" 2 "EQUITY" 593 2009-06-01 1 2.16286363144804 0 0 0 0 NA NA 245 1186.97956093868 46 0 2 9.51659997837136 NA NA 834.649075375798 40.6618362712231 0.432572726289607 NA 2009 NA 154.35 1 354.493349194333 -40.6618362712231
"1055" 2 "EQUITY" 594 2009-07-01 2 517.78955336866 0 0 0 0 NA NA 246 1347.24775602898 46 0 2 24.6566453985076 NA NA 874.662052557586 97.7614361414513 1.94657726830323 NA 2009 NA 154.35 1 990.375256840056 -97.7614361414513
"1064" 2 "EQUITY" 595 2009-08-01 3 17.7354817778739 0 0 0 0 NA NA 247 847.193684438196 46 0.648859089434411 2 7.35373634692333 NA NA 863.415161674056 37.2012544609062 3.02800908402725 NA 2009 NA 154.35 1 1.51400454201371 -36.5523953714718
"1073" 2 "EQUITY" 596 2009-09-01 5 178.652535957608 0 0 0 0 NA NA 253 720.233589272196 43 0.432572726289607 2 6.70487725748892 NA NA 1251.00032442954 33.3080999242998 1.51400454201363 NA 2009 NA 154.35 1 -352.11419919974 -32.8755271980102
